XL_Liver_male_Young_Heter	XL_Liver_male_Old_Heter	XL_Liver_female_Young_Heter	XL_Liver_female_Old_Heter	nmrHas2_Liver_male_Old_nmrHAS2	nmrHas2_Liver_female_Old_nmrHAS2	Acarbose_12m_female	Acarbose_12m_male	CR_12m_female	CR_12m_male	E17a_6m_female	E17a_6m_male	GHRKO_5m_male	MR_14m_male	Protandim_6m_female	Protandim_6m_male	Rapamycin_12m_female	Rapamycin_12m_male	Snell_5m_male
XL_Liver_male_Young_Heter	1	0.364525557386296	0.120193565292607	0.255208911012223	0.146827654579297	0.0359414614028249	0.162684853531483	0.254956815337782	0.0451519787449265	0.259818009629366	-0.365722125827875	-0.331961484203085	0.34928448208006	0.0289941094874621	0.225799600067144	0.0875812014868159	0.396396708720189	-0.204721372706103	0.110765298846289
XL_Liver_male_Old_Heter	0.364525557386296	1	-0.314912755862415	0.698972881877833	0.64151585758737	0.531783666998596	0.453485131173165	0.424038387839138	0.394345782194687	0.462633726624092	-0.484232337676307	-0.458588586823862	0.296837847776115	0.0352254557185947	0.332312837721248	-0.0428466750004166	0.562710634528273	0.0504554868623713	0.157551090519074
XL_Liver_female_Young_Heter	0.120193565292607	-0.314912755862415	1	-0.413304192366331	-0.288174391079265	-0.222165316157941	-0.265270484228885	-0.450982724495818	-0.327176378581908	-0.273362247202899	-0.0694453902979566	-0.0699379465889175	-0.260719469374115	0.0735261911348031	-0.247380530556153	0.0237274314243546	-0.0454017141216219	-0.287471453500449	-0.28374813073419
XL_Liver_female_Old_Heter	0.255208911012223	0.698972881877833	-0.413304192366331	1	0.679227981548869	0.620950441697023	0.574711673000904	0.410426691462853	0.484478720990039	0.476433201390466	-0.495963822118187	-0.3849092891591	0.219653770446429	0.0431541682504942	0.125142757371735	-0.185397659593932	0.514116419808815	0.233103418559388	0.203633905282117
nmrHas2_Liver_male_Old_nmrHAS2	0.146827654579297	0.64151585758737	-0.288174391079265	0.679227981548869	1	0.77368439147511	0.554267499305796	0.186661245692606	0.409457865419912	0.407582559213073	-0.42414913807352	-0.360017621805921	0.059986123463788	0.0301917198401232	0.136932621951019	-0.112524463711439	0.407419589587586	0.222168578948094	-0.0470404471582138
nmrHas2_Liver_female_Old_nmrHAS2	0.0359414614028249	0.531783666998596	-0.222165316157941	0.620950441697023	0.77368439147511	1	0.576746846238996	0.0344257867584029	0.456661158501124	0.404224562802612	-0.504915772830011	-0.364105157720362	-0.147081554995503	0.129611907457505	-0.058878602436742	-0.159580906021847	0.430568824001935	0.272604464236055	-0.0957335371270222
Acarbose_12m_female	0.162684853531483	0.453485131173165	-0.265270484228885	0.574711673000904	0.554267499305796	0.576746846238996	1	0.206642212321502	0.621461878349526	0.527412390006294	-0.556328561022405	-0.388288755752781	0.0150160941010578	0.326945565158069	-0.0924243424349712	-0.177230582803204	0.621698821656384	0.215032609399197	0.0582838678212576
Acarbose_12m_male	0.254956815337782	0.424038387839138	-0.450982724495818	0.410426691462853	0.186661245692606	0.0344257867584029	0.206642212321502	1	0.267580813566361	0.352476173800325	-0.0219980657413853	0.0526783247346416	0.586073806392887	-0.0255815573518983	0.431306566951689	0.159803619200272	0.207861749759823	0.197059703360444	0.432060365289861
CR_12m_female	0.0451519787449265	0.394345782194687	-0.327176378581908	0.484478720990039	0.409457865419912	0.456661158501124	0.621461878349526	0.267580813566361	1	0.707741258528517	-0.361839328320593	-0.1604407873943	0.0398087919795473	0.0817077829250112	0.00786941771107661	-0.0581205380434213	0.460092744963589	0.277258276883977	0.187158551996862
CR_12m_male	0.259818009629366	0.462633726624092	-0.273362247202899	0.476433201390466	0.407582559213073	0.404224562802612	0.527412390006294	0.352476173800325	0.707741258528517	1	-0.377976613086001	-0.248028062820468	0.165131189523658	0.139968178891831	0.0990439719412091	-0.0993669819855048	0.460847509113068	0.168459027541821	0.199222319146301
E17a_6m_female	-0.365722125827875	-0.484232337676307	-0.0694453902979566	-0.495963822118187	-0.42414913807352	-0.504915772830011	-0.556328561022405	-0.0219980657413853	-0.361839328320593	-0.377976613086001	1	0.524535460208028	0.0351149455017336	-0.140043406602048	0.262850629648284	0.104866447135527	-0.661970264687891	0.0406511760211101	0.0522685727468406
E17a_6m_male	-0.331961484203085	-0.458588586823862	-0.0699379465889175	-0.3849092891591	-0.360017621805921	-0.364105157720362	-0.388288755752781	0.0526783247346416	-0.1604407873943	-0.248028062820468	0.524535460208028	1	0.0332340112778282	-0.171338436074421	0.00233038799798366	0.280425744847658	-0.544243880429681	0.132953375037974	0.0948844875983798
GHRKO_5m_male	0.34928448208006	0.296837847776115	-0.260719469374115	0.219653770446429	0.059986123463788	-0.147081554995503	0.0150160941010578	0.586073806392887	0.0398087919795473	0.165131189523658	0.0351149455017336	0.0332340112778282	1	-0.0538456341543867	0.480884221990023	0.137130421425047	0.0905692811286144	-0.0910999075831554	0.606888974729649
MR_14m_male	0.0289941094874621	0.0352254557185947	0.0735261911348031	0.0431541682504942	0.0301917198401232	0.129611907457505	0.326945565158069	-0.0255815573518983	0.0817077829250112	0.139968178891831	-0.140043406602048	-0.171338436074421	-0.0538456341543867	1	-0.163858723707714	-0.274699838052364	0.109265136758892	0.0224259701187242	0.0397152390583658
Protandim_6m_female	0.225799600067144	0.332312837721248	-0.247380530556153	0.125142757371735	0.136932621951019	-0.058878602436742	-0.0924243424349712	0.431306566951689	0.00786941771107661	0.0990439719412091	0.262850629648284	0.00233038799798366	0.480884221990023	-0.163858723707714	1	0.321483231250528	0.0743046845218159	-0.0385104010329691	0.204554435930187
Protandim_6m_male	0.0875812014868159	-0.0428466750004166	0.0237274314243546	-0.185397659593932	-0.112524463711439	-0.159580906021847	-0.177230582803204	0.159803619200272	-0.0581205380434213	-0.0993669819855048	0.104866447135527	0.280425744847658	0.137130421425047	-0.274699838052364	0.321483231250528	1	0.0713256850460844	-0.167810220113465	-0.0931243616867669
Rapamycin_12m_female	0.396396708720189	0.562710634528273	-0.0454017141216219	0.514116419808815	0.407419589587586	0.430568824001935	0.621698821656384	0.207861749759823	0.460092744963589	0.460847509113068	-0.661970264687891	-0.544243880429681	0.0905692811286144	0.109265136758892	0.0743046845218159	0.0713256850460844	1	-0.0390783337162309	-0.00267978297080499
Rapamycin_12m_male	-0.204721372706103	0.0504554868623713	-0.287471453500449	0.233103418559388	0.222168578948094	0.272604464236055	0.215032609399197	0.197059703360444	0.277258276883977	0.168459027541821	0.0406511760211101	0.132953375037974	-0.0910999075831554	0.0224259701187242	-0.0385104010329691	-0.167810220113465	-0.0390783337162309	1	0.132136845261038
Snell_5m_male	0.110765298846289	0.157551090519074	-0.28374813073419	0.203633905282117	-0.0470404471582138	-0.0957335371270222	0.0582838678212576	0.432060365289861	0.187158551996862	0.199222319146301	0.0522685727468406	0.0948844875983798	0.606888974729649	0.0397152390583658	0.204554435930187	-0.0931243616867669	-0.00267978297080499	0.132136845261038	1
